(0,0):(30, 0)
(1,0):(30, 0)
(2,0):(30, 0)
(3,0):(30, 0)
(4,0):(30, 0)
(5,0):(30, 0)
(6,0):(30, 0)
(7,0):(30, 0)
(8,0):(30, 0)
(9,0):(30, 0)
(10,0):(30, 0)
(0,1):(60, 0)
(1,1):(60, 0)
(2,1):(60, 0)
(3,1):(60, 0)
(4,1):(60, 0)
(5,1):(60, 0)
(6,1):(60, 0)
(7,1):(60, 0)
(8,1):(60, 0)
(9,1):(60, 0)
(10,1):(60, 0)
(0,2):(90, 0)
(1,2):(90, 0)
(2,2):(90, 0)
(3,2):(90, 0)
(4,2):(90, 0)
(5,2):(90, 0)
(6,2):(90, 0)
(7,2):(90, 0)
(8,2):(90, 0)
(9,2):(90, 0)
(10,2):(90, 0)
(0,3):(120, 0)
(1,3):(120, 0)
(2,3):(120, 0)
(3,3):(120, 0)
(4,3):(120, 0)
(5,3):(120, 0)
(6,3):(120, 0)
(7,3):(120, 0)
(8,3):(120, 0)
(9,3):(120, 0)
(10,3):(120, 0)
(0,4):(150, 0)
(1,4):(150, 0)
(2,4):(150, 0)
(3,4):(150, 0)
(4,4):(150, 0)
(5,4):(150, 0)
(6,4):(150, 0)
(7,4):(150, 0)
(8,4):(150, 0)
(9,4):(150, 0)
(10,4):(150, 0)
(0,5):(180, 0)
(1,5):(180, 0)
(2,5):(180, 0)
(3,5):(180, 0)
(4,5):(180, 0)
(5,5):(180, 0)
(6,5):(180, 0)
(7,5):(180, 0)
(8,5):(180, 0)
(9,5):(180, 0)
(10,5):(180, 0)
(0,6):(210, 0)
(1,6):(210, 0)
(2,6):(210, 0)
(3,6):(210, 0)
(4,6):(210, 0)
(5,6):(210, 0)
(6,6):(210, 0)
(7,6):(210, 0)
(8,6):(210, 0)
(9,6):(210, 0)
(10,6):(210, 0)
(0,7):(240, 0)
(1,7):(240, 0)
(2,7):(240, 0)
(3,7):(240, 0)
(4,7):(240, 0)
(5,7):(240, 0)
(6,7):(240, 0)
(7,7):(240, 0)
(8,7):(240, 0)
(9,7):(240, 0)
(10,7):(240, 0)
(0,8):(270, 0)
(1,8):(270, 0)
(2,8):(270, 0)
(3,8):(270, 0)
(4,8):(270, 0)
(5,8):(270, 0)
(6,8):(270, 0)
(7,8):(270, 0)
(8,8):(270, 0)
(9,8):(270, 0)
(10,8):(270, 0)
