(1,1):(15, 15)
(1,2):(15, 45)
(1,3):(15, 75)
(1,4):(15, 105)
(1,5):(15, 135)
(1,6):(15, 165)
(1,7):(15, 195)
(1,8):(15, 225)
(1,9):(15, 255)
(2,1):(45, 15)
(2,2):(45, 45)
(2,3):(45, 75)
(2,4):(45, 105)
(2,5):(45, 135)
(2,6):(45, 165)
(2,7):(45, 195)
(2,8):(45, 225)
(2,9):(45, 255)
(3,1):(75, 15)
(3,2):(75, 45)
(3,3):(75, 75)
(3,4):(75, 105)
(3,5):(75, 135)
(3,6):(75, 165)
(3,7):(75, 195)
(3,8):(75, 225)
(3,9):(75, 255)
(4,1):(105, 15)
(4,2):(105, 45)
(4,3):(105, 75)
(4,4):(105, 105)
(4,5):(105, 135)
(4,6):(105, 165)
(4,7):(105, 195)
(4,8):(105, 225)
(4,9):(105, 255)
(5,1):(135, 15)
(5,2):(135, 45)
(5,3):(135, 75)
(5,4):(135, 105)
(5,5):(135, 135)
(5,6):(135, 165)
(5,7):(135, 195)
(5,8):(135, 225)
(5,9):(135, 255)
(6,1):(165, 15)
(6,2):(165, 45)
(6,3):(165, 75)
(6,4):(165, 105)
(6,5):(165, 135)
(6,6):(165, 165)
(6,7):(165, 195)
(6,8):(165, 225)
(6,9):(165, 255)
(7,1):(195, 15)
(7,2):(195, 45)
(7,3):(195, 75)
(7,4):(195, 105)
(7,5):(195, 135)
(7,6):(195, 165)
(7,7):(195, 195)
(7,8):(195, 225)
(7,9):(195, 255)
(8,1):(225, 15)
(8,2):(225, 45)
(8,3):(225, 75)
(8,4):(225, 105)
(8,5):(225, 135)
(8,6):(225, 165)
(8,7):(225, 195)
(8,8):(225, 225)
(8,9):(225, 255)
(9,1):(255, 15)
(9,2):(255, 45)
(9,3):(255, 75)
(9,4):(255, 105)
(9,5):(255, 135)
(9,6):(255, 165)
(9,7):(255, 195)
(9,8):(255, 225)
(9,9):(255, 255)
